37.756800 -122.434700 1.1 WP1
37.449800 -122.423300 1.1 WP10
37.475800 -122.160000 1.1 WP100
37.302800 -122.006300 1.1 WP1000
36.600500 -121.850600 1.1 WP101
38.140400 -121.320100 1.1 WP102
38.177300 -122.144000 1.1 WP103
38.586300 -122.582000 1.1 WP104
38.334900 -122.682700 1.1 WP105
37.348000 -121.900600 1.1 WP106
37.866700 -122.296600 1.1 WP107
38.480600 -122.895500 1.1 WP108
37.401800 -121.958200 1.1 WP109
36.903300 -121.382400 1.1 WP11
38.712800 -122.043900 1.1 WP110
37.753800 -121.896300 1.1 WP111
37.757600 -121.949300 1.1 WP112
38.438600 -122.768100 1.1 WP113
37.360800 -121.989500 1.1 WP114
37.486600 -121.922900 1.1 WP115
37.437000 -122.180400 1.1 WP116
37.442400 -122.136400 1.1 WP117
38.479400 -122.702600 1.1 WP118
37.309100 -121.950700 1.1 WP119
38.266600 -122.638200 1.1 WP12
37.993900 -122.046900 1.1 WP120
37.755900 -122.241400 1.1 WP121
37.676400 -122.125000 1.1 WP122
37.602900 -122.047800 1.1 WP123
37.055400 -120.856900 1.1 WP124
36.991900 -121.977900 1.1 WP125
37.953700 -121.284300 1.1 WP126
38.120000 -121.262800 1.1 WP127
37.016900 -121.527800 1.1 WP128
37.773900 -121.984500 1.1 WP129
37.988700 -121.727800 1.1 WP13
36.601100 -121.671200 1.1 WP130
37.733700 -121.461600 1.1 WP131
37.508600 -120.832900 1.1 WP132
37.777000 -122.502000 1.1 WP133
37.774900 -122.268500 1.1 WP134
37.163600 -121.981700 1.1 WP135
37.903400 -122.493700 1.1 WP136
37.206100 -121.834300 1.1 WP137
38.615300 -121.373800 1.1 WP138
36.974600 -121.884200 1.1 WP139
38.707400 -122.880300 1.1 WP14
37.280800 -121.999100 1.1 WP140
38.003300 -121.314700 1.1 WP141
37.774200 -121.947600 1.1 WP142
37.708900 -121.948400 1.1 WP143
37.958700 -122.073900 1.1 WP144
37.567500 -121.971900 1.1 WP145
38.024000 -121.981800 1.1 WP146
37.851100 -122.483600 1.1 WP147
37.413400 -121.862600 1.1 WP148
38.050700 -121.371900 1.1 WP149
37.621600 -122.103500 1.1 WP15
37.887500 -122.258900 1.1 WP150
37.795400 -122.271500 1.1 WP151
37.470500 -120.856400 1.1 WP152
37.783200 -121.226900 1.1 WP153
38.011600 -122.669600 1.1 WP154
36.555200 -121.707800 1.1 WP155
37.344600 -122.027300 1.1 WP156
37.980700 -122.527100 1.1 WP157
37.664200 -122.416800 1.1 WP158
38.506400 -121.647300 1.1 WP159
37.408700 -122.143600 1.1 WP16
37.060200 -122.015400 1.1 WP160
36.674500 -121.651700 1.1 WP161
37.793400 -122.416500 1.1 WP162
37.489900 -122.204100 1.1 WP163
36.932500 -121.778700 1.1 WP164
37.826400 -121.889500 1.1 WP165
37.740700 -122.235000 1.1 WP166
37.721600 -121.856300 1.1 WP167
38.412000 -121.469600 1.1 WP168
37.527800 -122.278300 1.1 WP169
38.563800 -122.451000 1.1 WP17
38.213100 -121.147600 1.1 WP170
38.157900 -122.245800 1.1 WP171
38.667800 -121.784600 1.1 WP172
37.992600 -121.070100 1.1 WP173
37.726400 -122.457600 1.1 WP175
37.360300 -122.024100 1.1 WP176
37.304700 -121.892800 1.1 WP177
36.870400 -121.677800 1.1 WP178
37.641700 -121.846100 1.1 WP179
37.263600 -121.897400 1.1 WP18
38.578100 -121.488300 1.1 WP180
37.378700 -122.209700 1.1 WP181
37.922900 -122.312000 1.1 WP182
37.346500 -122.071300 1.1 WP183
37.673300 -121.914600 1.1 WP184
36.781300 -121.646300 1.1 WP185
37.078400 -121.590200 1.1 WP186
37.926000 -122.380900 1.1 WP187
37.530900 -122.507300 1.1 WP188
37.759600 -122.389600 1.1 WP189
37.693200 -121.764900 1.1 WP19
38.545900 -122.818000 1.1 WP190
36.322500 -121.249600 1.1 WP191
37.677000 -121.883800 1.1 WP192
37.383700 -122.015300 1.1 WP193
37.214500 -121.870500 1.1 WP194
38.431700 -122.649700 1.1 WP195
38.616600 -122.866600 1.1 WP196
37.891100 -122.281700 1.1 WP197
37.941300 -122.533900 1.1 WP198
37.540000 -122.239800 1.1 WP199
37.316000 -121.994300 1.1 WP2
37.237200 -120.998900 1.1 WP20
37.723100 -120.945400 1.1 WP200
37.720800 -121.065000 1.1 WP201
37.926300 -121.249800 1.1 WP202
38.247200 -122.601300 1.1 WP203
37.408600 -122.263900 1.1 WP204
38.666000 -121.164400 1.1 WP205
36.854900 -121.554600 1.1 WP206
37.557800 -122.311700 1.1 WP207
37.794700 -122.467400 1.1 WP208
38.444900 -122.736800 1.1 WP209
38.359000 -121.949100 1.1 WP21
38.325700 -122.704900 1.1 WP210
38.634000 -121.310300 1.1 WP211
37.643900 -120.906400 1.1 WP212
37.881000 -122.132200 1.1 WP213
38.032400 -121.885200 1.1 WP214
37.920100 -122.019800 1.1 WP215
37.774600 -122.443100 1.1 WP216
37.843100 -122.290900 1.1 WP217
38.682000 -123.419300 1.1 WP218
37.069500 -122.160600 1.1 WP219
38.566600 -121.758500 1.1 WP22
37.873100 -122.277400 1.1 WP220
37.982900 -121.795200 1.1 WP221
38.399600 -122.362100 1.1 WP222
37.933000 -122.034100 1.1 WP223
37.136200 -121.605000 1.1 WP224
38.482000 -121.527100 1.1 WP225
38.797400 -123.021900 1.1 WP226
37.586500 -122.367700 1.1 WP227
38.286300 -122.080200 1.1 WP228
37.028700 -122.031500 1.1 WP229
36.593900 -121.938500 1.1 WP23
38.444300 -121.832100 1.1 WP230
38.412200 -121.344100 1.1 WP231
37.899000 -121.428600 1.1 WP232
37.257200 -121.779400 1.1 WP233
37.305300 -120.433600 1.1 WP234
36.811300 -121.363700 1.1 WP235
37.494900 -122.257400 1.1 WP236
37.748900 -122.136300 1.1 WP237
37.550500 -122.258300 1.1 WP238
38.545400 -121.229400 1.1 WP239
37.232900 -121.798500 1.1 WP24
37.173900 -121.707300 1.1 WP240
35.946500 -120.975000 1.1 WP241
38.429000 -122.002000 1.1 WP242
37.584000 -122.388300 1.1 WP243
37.887600 -122.205000 1.1 WP244
37.422300 -122.153600 1.1 WP245
37.424300 -122.204600 1.1 WP246
37.566300 -122.051300 1.1 WP247
38.498400 -121.101600 1.1 WP248
37.387500 -121.893600 1.1 WP249
37.763300 -120.807800 1.1 WP25
38.360700 -122.694900 1.1 WP250
37.837100 -122.257000 1.1 WP251
37.525100 -120.856800 1.1 WP252
38.574500 -121.395100 1.1 WP253
37.561100 -120.924200 1.1 WP254
37.470500 -122.218000 1.1 WP255
37.014100 -121.590900 1.1 WP256
37.682600 -122.481500 1.1 WP257
37.325500 -121.901000 1.1 WP258
37.323600 -120.598300 1.1 WP259
36.984100 -121.807600 1.1 WP26
37.579600 -122.346400 1.1 WP260
37.400800 -122.062500 1.1 WP261
38.122700 -122.217000 1.1 WP262
37.345600 -122.017300 1.1 WP263
37.419600 -121.903600 1.1 WP264
36.946400 -121.708500 1.1 WP265
36.211200 -121.128600 1.1 WP266
37.308200 -121.764300 1.1 WP267
38.498100 -121.351700 1.1 WP268
38.539500 -121.500800 1.1 WP269
37.520700 -121.927700 1.1 WP27
38.678100 -121.500300 1.1 WP270
38.607600 -121.455200 1.1 WP271
36.981500 -120.633100 1.1 WP272
37.341800 -121.859900 1.1 WP273
38.579200 -121.347200 1.1 WP274
37.322500 -121.025500 1.1 WP275
37.444200 -121.900000 1.1 WP276
37.939200 -122.099700 1.1 WP277
38.666600 -121.120000 1.1 WP278
36.601000 -121.899900 1.1 WP279
37.520700 -121.999300 1.1 WP28
37.260000 -121.853400 1.1 WP280
38.290400 -121.985800 1.1 WP281
38.310700 -122.485700 1.1 WP282
37.270200 -121.886600 1.1 WP283
38.053900 -122.521400 1.1 WP284
37.919200 -122.345800 1.1 WP285
37.031400 -122.001500 1.1 WP286
37.748900 -122.451400 1.1 WP287
37.220500 -121.853900 1.1 WP288
37.682000 -122.404100 1.1 WP289
38.016400 -122.533300 1.1 WP29
37.321200 -122.068700 1.1 WP290
37.731300 -122.410900 1.1 WP291
37.370600 -122.093700 1.1 WP292
37.804800 -121.200200 1.1 WP293
38.398300 -121.214700 1.1 WP294
36.523600 -121.451400 1.1 WP295
37.539000 -121.974100 1.1 WP296
38.304600 -122.329100 1.1 WP297
37.526700 -122.045300 1.1 WP298
38.556100 -121.722800 1.1 WP299
37.859400 -122.230400 1.1 WP3
38.232400 -122.149100 1.1 WP30
37.906600 -122.061900 1.1 WP300
37.050500 -121.674300 1.1 WP301
38.084200 -122.168800 1.1 WP302
37.356300 -121.863900 1.1 WP303
37.735700 -121.144200 1.1 WP304
37.912000 -121.620000 1.1 WP305
38.278000 -121.539100 1.1 WP306
36.574800 -121.835400 1.1 WP307
38.013700 -122.254400 1.1 WP308
37.539500 -122.267700 1.1 WP309
37.970000 -122.013700 1.1 WP31
37.327800 -120.540500 1.1 WP310
38.414400 -122.755100 1.1 WP311
38.442000 -122.712300 1.1 WP312
37.999500 -122.546300 1.1 WP313
37.672600 -121.770300 1.1 WP314
37.852700 -122.139000 1.1 WP315
37.764600 -122.458600 1.1 WP316
37.247000 -122.027100 1.1 WP317
37.794500 -121.905700 1.1 WP318
38.015400 -122.558200 1.1 WP319
37.765600 -121.514400 1.1 WP32
37.019500 -121.960900 1.1 WP320
38.408700 -121.370800 1.1 WP321
37.505900 -122.469100 1.1 WP322
37.993900 -122.337000 1.1 WP323
37.686400 -121.866400 1.1 WP324
38.023300 -121.266700 1.1 WP325
37.778800 -122.410400 1.1 WP326
37.978100 -122.097200 1.1 WP327
37.295100 -121.911000 1.1 WP328
37.713600 -122.430400 1.1 WP329
37.675000 -120.967900 1.1 WP33
37.381800 -121.843500 1.1 WP330
37.873100 -121.639800 1.1 WP331
37.391200 -122.082800 1.1 WP332
38.010400 -122.285600 1.1 WP333
38.010700 -121.349400 1.1 WP334
37.227500 -121.891500 1.1 WP335
37.889900 -122.290500 1.1 WP336
36.617100 -121.917300 1.1 WP337
38.321900 -121.955400 1.1 WP338
36.967100 -121.980300 1.1 WP339
37.552900 -122.272500 1.1 WP34
37.847200 -121.193000 1.1 WP340
38.244000 -122.095200 1.1 WP341
37.674100 -120.939700 1.1 WP342
37.129700 -122.127700 1.1 WP343
38.090800 -122.234200 1.1 WP344
37.537800 -122.051200 1.1 WP345
37.271300 -121.932600 1.1 WP346
37.326500 -121.984600 1.1 WP347
37.510100 -122.261300 1.1 WP348
37.240900 -121.898300 1.1 WP349
37.400500 -121.923800 1.1 WP35
37.779200 -122.289500 1.1 WP350
37.391800 -122.107900 1.1 WP351
37.243000 -121.983600 1.1 WP352
37.986000 -122.478000 1.1 WP353
37.973500 -122.538600 1.1 WP354
37.449600 -122.209800 1.1 WP355
36.684200 -121.795500 1.1 WP356
37.245300 -121.813400 1.1 WP357
38.354600 -121.273600 1.1 WP358
37.447800 -122.160400 1.1 WP359
36.473100 -121.723400 1.1 WP36
38.528800 -121.971600 1.1 WP360
37.906500 -122.685700 1.1 WP361
37.947500 -121.756000 1.1 WP362
38.485800 -122.649200 1.1 WP363
37.995400 -121.229000 1.1 WP364
37.588800 -120.784000 1.1 WP365
37.472600 -122.191500 1.1 WP366
38.669100 -121.741500 1.1 WP367
38.041700 -121.338700 1.1 WP368
37.757700 -122.497600 1.1 WP369
37.258300 -121.982200 1.1 WP37
37.958700 -121.709100 1.1 WP370
38.367500 -122.262900 1.1 WP371
37.868600 -122.268600 1.1 WP372
37.951000 -122.026800 1.1 WP373
37.302000 -122.019100 1.1 WP374
37.853000 -122.258100 1.1 WP375
38.567000 -122.264300 1.1 WP376
38.053400 -122.143800 1.1 WP377
37.401500 -122.015100 1.1 WP378
37.445900 -121.914600 1.1 WP379
37.084700 -122.059100 1.1 WP38
37.844400 -122.033100 1.1 WP380
38.280000 -121.292800 1.1 WP381
37.583900 -122.376400 1.1 WP382
38.558500 -121.704600 1.1 WP383
37.890200 -122.104700 1.1 WP384
38.079400 -122.559800 1.1 WP385
37.954800 -122.551400 1.1 WP386
37.344600 -122.003900 1.1 WP387
37.804100 -122.413000 1.1 WP388
37.730600 -122.142200 1.1 WP389
37.735100 -122.188600 1.1 WP39
37.781800 -122.483200 1.1 WP390
37.870900 -122.169100 1.1 WP391
37.227900 -121.776700 1.1 WP392
37.214100 -120.522000 1.1 WP393
37.884700 -122.270500 1.1 WP394
37.520500 -122.307000 1.1 WP395
37.103100 -121.937600 1.1 WP396
38.587000 -121.374400 1.1 WP397
37.330900 -122.023200 1.1 WP398
37.724700 -122.467600 1.1 WP399
38.552800 -121.441000 1.1 WP4
37.378500 -122.050200 1.1 WP40
38.159600 -121.147000 1.1 WP400
37.661200 -121.005200 1.1 WP401
37.360900 -122.138500 1.1 WP402
37.848700 -122.244100 1.1 WP403
37.407200 -121.938500 1.1 WP404
38.464500 -121.428200 1.1 WP405
38.509900 -123.138700 1.1 WP406
37.816600 -121.951300 1.1 WP407
37.987800 -122.594100 1.1 WP408
37.624900 -122.069900 1.1 WP409
38.583400 -121.543900 1.1 WP41
38.703400 -121.181000 1.1 WP410
37.537500 -121.942100 1.1 WP411
37.455700 -122.179400 1.1 WP412
37.353500 -122.096100 1.1 WP413
37.378500 -121.868200 1.1 WP414
37.363000 -122.056100 1.1 WP415
36.514400 -121.896700 1.1 WP416
37.162200 -122.084200 1.1 WP417
38.692900 -121.219200 1.1 WP418
37.108200 -121.639900 1.1 WP419
37.312200 -122.049400 1.1 WP42
37.484000 -122.243300 1.1 WP420
37.678200 -121.743800 1.1 WP421
37.693800 -122.066800 1.1 WP422
37.805200 -122.224100 1.1 WP423
36.836000 -121.377000 1.1 WP425
37.669300 -121.899700 1.1 WP426
37.897900 -122.272000 1.1 WP427
37.270100 -122.041400 1.1 WP428
38.607200 -121.521300 1.1 WP429
37.900900 -122.576300 1.1 WP43
37.218900 -121.962500 1.1 WP430
38.418900 -121.414600 1.1 WP431
38.301400 -121.188100 1.1 WP432
37.800400 -122.442200 1.1 WP433
37.790300 -122.405800 1.1 WP434
37.229600 -121.876900 1.1 WP435
38.602600 -121.391700 1.1 WP436
38.460000 -122.725000 1.1 WP437
37.768100 -122.251800 1.1 WP438
37.407200 -122.113700 1.1 WP439
37.146000 -121.658500 1.1 WP44
37.716000 -121.739200 1.1 WP440
37.531700 -122.251600 1.1 WP441
37.841300 -122.222500 1.1 WP442
37.712600 -121.396800 1.1 WP443
37.804000 -122.265900 1.1 WP444
37.691700 -120.982100 1.1 WP445
38.473500 -122.751900 1.1 WP446
37.326500 -122.110200 1.1 WP447
38.399000 -122.842900 1.1 WP448
38.009600 -121.814300 1.1 WP449
37.692000 -121.884500 1.1 WP45
37.982700 -121.999200 1.1 WP450
37.820100 -121.999200 1.1 WP451
37.461100 -122.255700 1.1 WP452
38.233600 -122.648200 1.1 WP453
38.552800 -121.767000 1.1 WP454
37.396100 -121.992800 1.1 WP455
37.342900 -121.938000 1.1 WP456
38.249500 -122.673500 1.1 WP457
38.575100 -121.502100 1.1 WP458
38.116400 -122.525000 1.1 WP459
38.343100 -121.420700 1.1 WP46
37.912000 -122.021600 1.1 WP460
37.716100 -121.918700 1.1 WP461
37.206500 -121.861900 1.1 WP462
37.921500 -121.709400 1.1 WP463
37.926300 -122.504200 1.1 WP464
37.247700 -121.860700 1.1 WP465
37.360000 -120.603000 1.1 WP466
38.553800 -121.528900 1.1 WP467
37.883200 -122.464200 1.1 WP468
38.506400 -122.762100 1.1 WP47
38.261200 -122.733300 1.1 WP471
38.334500 -122.321300 1.1 WP472
38.650200 -121.175700 1.1 WP473
37.732200 -122.486800 1.1 WP474
37.811200 -120.835500 1.1 WP475
37.857100 -122.272300 1.1 WP476
37.415500 -121.954700 1.1 WP477
38.356300 -121.999900 1.1 WP478
37.876700 -122.289100 1.1 WP479
36.428000 -121.326700 1.1 WP48
37.781900 -122.463800 1.1 WP480
37.035600 -120.638900 1.1 WP481
37.082500 -122.091300 1.1 WP482
37.710700 -121.436700 1.1 WP483
37.320000 -121.775300 1.1 WP484
38.547500 -121.281000 1.1 WP485
37.513000 -122.279800 1.1 WP486
37.907500 -122.553400 1.1 WP487
37.834600 -122.202400 1.1 WP488
37.650300 -122.422900 1.1 WP489
36.707400 -121.622300 1.1 WP49
37.409300 -120.856300 1.1 WP490
37.742000 -122.502000 1.1 WP491
38.472000 -122.779100 1.1 WP492
38.655500 -121.218000 1.1 WP493
37.980900 -122.222100 1.1 WP494
38.548400 -122.790500 1.1 WP496
37.759200 -120.861300 1.1 WP497
36.986300 -122.009300 1.1 WP498
38.466500 -122.675400 1.1 WP499
37.878400 -122.028700 1.1 WP5
37.796700 -121.973400 1.1 WP50
37.834600 -122.142900 1.1 WP500
37.575300 -121.996700 1.1 WP501
37.978000 -121.831900 1.1 WP502
37.430900 -120.482100 1.1 WP503
37.875700 -122.057100 1.1 WP504
37.548400 -122.297300 1.1 WP505
38.717500 -121.370600 1.1 WP506
37.420500 -122.120500 1.1 WP507
37.913200 -122.083500 1.1 WP508
37.375400 -121.813600 1.1 WP509
37.805200 -122.206900 1.1 WP51
38.003600 -122.307300 1.1 WP510
37.685300 -122.457800 1.1 WP511
36.658900 -121.789300 1.1 WP512
37.707100 -122.182200 1.1 WP513
37.948800 -121.934600 1.1 WP514
37.326200 -121.871400 1.1 WP515
37.759600 -122.418100 1.1 WP516
37.774000 -122.394300 1.1 WP517
37.978900 -122.034300 1.1 WP518
37.650600 -122.487200 1.1 WP519
37.461800 -122.160900 1.1 WP52
38.816600 -121.857200 1.1 WP520
37.414400 -122.111000 1.1 WP521
37.566300 -122.321400 1.1 WP522
38.406800 -121.939000 1.1 WP524
37.629700 -122.425800 1.1 WP525
37.838200 -122.301900 1.1 WP526
37.576400 -122.068700 1.1 WP527
37.658500 -122.044000 1.1 WP528
38.625000 -121.247300 1.1 WP529
38.145900 -122.808400 1.1 WP53
38.321000 -122.241800 1.1 WP530
37.588400 -120.968700 1.1 WP531
38.014900 -122.131400 1.1 WP532
37.592300 -120.985900 1.1 WP533
37.247100 -121.936000 1.1 WP534
37.376900 -122.111300 1.1 WP535
37.485400 -122.228600 1.1 WP536
37.275100 -121.910500 1.1 WP537
38.464800 -121.315600 1.1 WP538
37.793300 -122.252400 1.1 WP539
38.293600 -122.291000 1.1 WP54
36.540600 -121.844600 1.1 WP540
37.793800 -122.436300 1.1 WP541
37.356500 -121.976100 1.1 WP542
38.460900 -121.362300 1.1 WP543
38.689900 -121.186400 1.1 WP544
37.661700 -121.850000 1.1 WP545
37.824200 -122.192700 1.1 WP546
37.241100 -121.956400 1.1 WP547
37.335800 -120.486300 1.1 WP548
37.486300 -120.843000 1.1 WP549
37.763200 -121.119400 1.1 WP55
37.842200 -121.983000 1.1 WP550
36.269900 -121.775000 1.1 WP551
37.926900 -121.309300 1.1 WP552
37.239800 -121.933500 1.1 WP553
38.256800 -121.312400 1.1 WP554
37.542500 -122.032400 1.1 WP555
37.385500 -120.715900 1.1 WP556
37.758600 -122.456800 1.1 WP557
37.313600 -121.805800 1.1 WP558
37.329100 -122.042000 1.1 WP559
37.671400 -122.066600 1.1 WP56
37.682400 -121.908100 1.1 WP560
37.776700 -122.160100 1.1 WP561
37.747700 -122.395100 1.1 WP562
37.409900 -122.129700 1.1 WP563
37.777300 -122.227200 1.1 WP564
37.306300 -121.825900 1.1 WP565
37.285900 -121.779300 1.1 WP566
38.683500 -121.124800 1.1 WP567
38.289400 -122.503900 1.1 WP568
37.332000 -121.922300 1.1 WP569
37.603100 -122.403100 1.1 WP57
37.821900 -122.241400 1.1 WP570
37.788500 -122.440700 1.1 WP571
36.911100 -121.770600 1.1 WP572
37.149600 -121.625100 1.1 WP573
37.336100 -121.884600 1.1 WP574
37.283700 -121.867500 1.1 WP575
37.724100 -121.309400 1.1 WP576
38.033700 -122.558800 1.1 WP577
38.190100 -121.258500 1.1 WP578
37.265100 -121.820700 1.1 WP579
37.940700 -121.962700 1.1 WP58
36.551300 -121.919000 1.1 WP580
37.033900 -122.064700 1.1 WP581
37.902500 -122.045700 1.1 WP582
37.227400 -121.982200 1.1 WP583
37.987600 -122.573000 1.1 WP584
37.343300 -122.041100 1.1 WP585
38.700400 -121.439100 1.1 WP586
37.426500 -122.109900 1.1 WP587
37.748200 -121.969300 1.1 WP589
37.485300 -122.274600 1.1 WP59
37.303100 -122.028800 1.1 WP590
37.879100 -122.534700 1.1 WP591
37.286700 -121.946800 1.1 WP592
37.272100 -121.967200 1.1 WP593
37.859900 -122.007800 1.1 WP594
37.767400 -121.928900 1.1 WP595
37.922900 -122.051600 1.1 WP596
37.656700 -121.784400 1.1 WP597
38.505800 -122.473800 1.1 WP598
37.831100 -122.278900 1.1 WP599
38.004500 -122.134900 1.1 WP6
37.427500 -121.970400 1.1 WP60
37.520500 -121.964500 1.1 WP600
37.345100 -121.803100 1.1 WP601
37.437600 -122.122300 1.1 WP602
37.601500 -122.072700 1.1 WP603
37.766600 -121.898300 1.1 WP604
37.795000 -121.936900 1.1 WP605
38.447900 -122.693700 1.1 WP606
37.362700 -121.912400 1.1 WP607
38.188200 -121.440200 1.1 WP608
38.081700 -122.850500 1.1 WP609
37.940900 -122.057300 1.1 WP61
36.995500 -122.059200 1.1 WP610
38.675900 -121.318800 1.1 WP611
38.348600 -122.786600 1.1 WP612
37.431400 -121.880900 1.1 WP613
37.798500 -122.399900 1.1 WP614
37.716600 -121.885900 1.1 WP615
37.498700 -120.940800 1.1 WP616
37.939200 -121.685400 1.1 WP617
37.740800 -121.930200 1.1 WP618
38.647700 -121.285300 1.1 WP619
36.733200 -121.270900 1.1 WP62
38.659100 -121.544700 1.1 WP620
37.688800 -121.729900 1.1 WP621
37.297900 -121.987300 1.1 WP622
37.958700 -121.982700 1.1 WP623
37.607000 -122.374900 1.1 WP624
37.317500 -122.010800 1.1 WP625
37.826900 -122.119100 1.1 WP626
37.527000 -122.332000 1.1 WP627
37.317400 -122.023100 1.1 WP628
37.431900 -122.202600 1.1 WP629
37.416000 -122.072400 1.1 WP63
37.575900 -122.332300 1.1 WP630
37.897800 -122.516800 1.1 WP631
37.251800 -121.964400 1.1 WP632
37.694500 -121.034200 1.1 WP633
38.655600 -121.362900 1.1 WP634
37.400800 -122.102700 1.1 WP635
37.707200 -122.102100 1.1 WP636
36.972300 -122.028700 1.1 WP637
37.886500 -122.080200 1.1 WP638
38.587200 -121.427000 1.1 WP639
38.401600 -121.435700 1.1 WP64
37.589900 -122.012400 1.1 WP641
38.291600 -122.460500 1.1 WP642
38.575000 -121.438700 1.1 WP643
37.945100 -121.224900 1.1 WP644
37.740400 -122.433500 1.1 WP645
37.665500 -121.867000 1.1 WP646
37.900400 -122.181500 1.1 WP647
37.645900 -122.077100 1.1 WP648
37.732800 -122.444900 1.1 WP649
37.690300 -122.164700 1.1 WP65
38.006100 -122.520700 1.1 WP650
38.178100 -122.265700 1.1 WP651
37.532800 -122.011900 1.1 WP652
37.341400 -122.080100 1.1 WP653
37.515300 -121.912600 1.1 WP654
38.542100 -121.563400 1.1 WP655
37.958200 -121.959200 1.1 WP656
37.618300 -122.434000 1.1 WP657
37.716300 -122.060800 1.1 WP658
37.358600 -122.080400 1.1 WP659
38.115700 -121.143500 1.1 WP66
37.868700 -122.102600 1.1 WP660
38.057900 -121.267000 1.1 WP661
37.274400 -122.024000 1.1 WP662
38.013500 -121.905300 1.1 WP663
37.704700 -122.484600 1.1 WP664
37.974400 -122.294400 1.1 WP665
37.387000 -122.043500 1.1 WP666
37.301000 -121.970500 1.1 WP667
37.946100 -122.043300 1.1 WP668
38.084300 -122.247200 1.1 WP669
37.326200 -121.790100 1.1 WP67
37.764500 -122.204500 1.1 WP670
38.133100 -122.192500 1.1 WP671
37.645500 -122.468900 1.1 WP672
38.699500 -121.252800 1.1 WP673
37.370100 -122.011900 1.1 WP674
37.326400 -121.968600 1.1 WP675
37.663500 -121.105400 1.1 WP676
37.328700 -120.876600 1.1 WP677
37.800900 -122.273400 1.1 WP678
38.508800 -122.994300 1.1 WP679
37.785700 -122.393000 1.1 WP68
36.988600 -121.938900 1.1 WP680
37.345300 -121.987700 1.1 WP681
37.715500 -122.397600 1.1 WP682
37.385200 -121.899000 1.1 WP683
37.374700 -122.066300 1.1 WP684
37.344800 -122.056700 1.1 WP686
37.261300 -122.007700 1.1 WP687
37.560900 -122.287700 1.1 WP688
38.658500 -121.500600 1.1 WP689
37.601100 -120.865500 1.1 WP69
37.303400 -121.789000 1.1 WP690
37.808700 -122.274700 1.1 WP691
37.373000 -122.027000 1.1 WP692
38.338900 -121.948500 1.1 WP693
37.912100 -122.295200 1.1 WP694
37.657700 -121.883000 1.1 WP695
37.983700 -122.269800 1.1 WP696
36.666400 -121.666400 1.1 WP697
38.288000 -122.034800 1.1 WP698
37.884400 -121.289400 1.1 WP699
37.300200 -120.477900 1.1 WP7
37.551200 -122.340300 1.1 WP70
37.669000 -121.796800 1.1 WP701
37.340800 -120.446800 1.1 WP702
37.501000 -122.278600 1.1 WP703
36.592600 -121.883300 1.1 WP704
36.845000 -121.402800 1.1 WP705
38.433600 -121.313900 1.1 WP706
37.026100 -121.608200 1.1 WP707
38.650900 -121.132500 1.1 WP708
38.308400 -122.305000 1.1 WP709
38.373600 -122.534900 1.1 WP71
37.327100 -121.836700 1.1 WP710
38.051800 -122.215500 1.1 WP711
37.778400 -122.422800 1.1 WP712
36.675000 -121.604900 1.1 WP713
37.448700 -122.182600 1.1 WP714
38.058900 -122.160900 1.1 WP715
38.424400 -121.440900 1.1 WP716
37.384800 -122.093800 1.1 WP717
37.798300 -122.422300 1.1 WP718
37.283500 -121.934400 1.1 WP719
37.900800 -122.130200 1.1 WP72
37.712500 -121.863800 1.1 WP720
38.605700 -121.299100 1.1 WP721
38.225700 -122.631300 1.1 WP722
37.538800 -122.289700 1.1 WP723
37.361500 -122.042000 1.1 WP724
37.754800 -122.473800 1.1 WP725
37.750900 -122.411500 1.1 WP726
36.954400 -122.050900 1.1 WP727
37.673700 -122.079100 1.1 WP728
37.591800 -122.468900 1.1 WP729
37.846400 -122.113600 1.1 WP73
37.771000 -120.837500 1.1 WP730
37.776200 -122.470200 1.1 WP731
37.928600 -122.071000 1.1 WP732
36.974400 -121.964900 1.1 WP733
38.059600 -122.550200 1.1 WP734
37.379000 -121.882100 1.1 WP735
38.107700 -121.292300 1.1 WP736
37.657400 -120.975300 1.1 WP737
37.454000 -122.224700 1.1 WP738
37.011800 -121.566600 1.1 WP739
36.977100 -122.046100 1.1 WP74
37.821600 -122.252000 1.1 WP740
38.569500 -121.739400 1.1 WP741
37.584700 -122.081800 1.1 WP742
36.474400 -121.380800 1.1 WP743
38.622500 -122.911800 1.1 WP744
37.822700 -122.224200 1.1 WP745
37.238500 -121.832900 1.1 WP746
36.921900 -121.840200 1.1 WP747
38.682100 -121.148900 1.1 WP748
38.077000 -122.512100 1.1 WP749
37.383300 -122.077300 1.1 WP750
37.789000 -122.429700 1.1 WP751
37.689000 -121.794400 1.1 WP752
38.472900 -122.662000 1.1 WP753
38.326200 -121.974900 1.1 WP754
37.768200 -122.415100 1.1 WP755
36.973200 -122.011800 1.1 WP756
38.674500 -121.522700 1.1 WP757
37.282200 -121.873700 1.1 WP758
38.485100 -121.402600 1.1 WP759
38.034200 -122.262300 1.1 WP76
37.729400 -122.392000 1.1 WP760
37.939600 -122.011500 1.1 WP761
37.633400 -120.970200 1.1 WP762
37.864000 -122.497900 1.1 WP763
37.556900 -121.969500 1.1 WP764
38.012900 -121.633200 1.1 WP765
37.797200 -122.186800 1.1 WP766
37.397000 -121.852900 1.1 WP767
37.704400 -122.457900 1.1 WP768
37.402300 -122.079000 1.1 WP769
38.403300 -122.722000 1.1 WP77
37.733500 -122.422100 1.1 WP770
37.389700 -122.022200 1.1 WP771
37.350100 -121.787200 1.1 WP772
37.302400 -122.037900 1.1 WP773
38.554900 -121.361100 1.1 WP774
37.477100 -122.437400 1.1 WP775
37.980100 -122.072500 1.1 WP776
36.715100 -121.656600 1.1 WP777
38.011300 -122.094200 1.1 WP778
38.619900 -121.495700 1.1 WP779
38.482500 -122.451600 1.1 WP78
38.025000 -122.271300 1.1 WP780
38.650400 -121.456200 1.1 WP781
37.468900 -121.144700 1.1 WP782
36.767000 -121.753800 1.1 WP783
37.520600 -120.801800 1.1 WP784
37.472800 -122.137200 1.1 WP785
38.570500 -121.457100 1.1 WP786
37.201100 -121.549800 1.1 WP787
37.555000 -122.265900 1.1 WP788
38.108400 -122.552500 1.1 WP789
37.230600 -121.929200 1.1 WP79
37.358300 -122.005700 1.1 WP790
38.676000 -121.170700 1.1 WP791
38.277400 -122.266800 1.1 WP792
36.188500 -121.165900 1.1 WP793
37.283600 -121.744100 1.1 WP794
37.957100 -122.523200 1.1 WP795
37.416100 -122.126300 1.1 WP796
37.892800 -122.543300 1.1 WP797
37.739000 -121.124800 1.1 WP798
37.767400 -122.428700 1.1 WP799
38.658000 -121.234600 1.1 WP8
37.358300 -121.954500 1.1 WP80
36.962500 -122.037800 1.1 WP800
38.268400 -122.051300 1.1 WP801
38.003700 -122.117300 1.1 WP802
37.591300 -122.402600 1.1 WP803
38.275500 -121.935300 1.1 WP804
38.443600 -121.387400 1.1 WP805
38.357200 -122.671400 1.1 WP806
37.964400 -122.500000 1.1 WP807
37.540600 -122.316600 1.1 WP808
37.272800 -121.860100 1.1 WP809
38.246200 -122.050100 1.1 WP81
37.981000 -121.772900 1.1 WP810
37.779400 -122.194300 1.1 WP811
38.386000 -122.818800 1.1 WP813
37.331000 -122.003200 1.1 WP815
37.916400 -121.743100 1.1 WP816
38.286600 -122.267100 1.1 WP817
37.706700 -121.885700 1.1 WP818
37.425700 -121.871500 1.1 WP819
37.590000 -122.493000 1.1 WP82
37.362600 -121.844600 1.1 WP820
37.312200 -121.850800 1.1 WP821
37.949900 -122.334800 1.1 WP822
37.329500 -121.803900 1.1 WP823
37.961300 -121.796200 1.1 WP824
38.655800 -121.150400 1.1 WP825
38.417800 -122.211400 1.1 WP827
37.730300 -122.165000 1.1 WP828
37.436600 -122.193000 1.1 WP829
37.242300 -121.912900 1.1 WP83
37.445400 -121.884200 1.1 WP830
37.507200 -122.303300 1.1 WP831
37.315800 -121.909300 1.1 WP832
37.942100 -121.716200 1.1 WP833
37.717000 -121.933400 1.1 WP834
37.975500 -121.307100 1.1 WP835
38.126800 -122.256500 1.1 WP836
38.001900 -121.875000 1.1 WP837
37.781900 -122.449800 1.1 WP838
38.620500 -121.276000 1.1 WP839
36.870800 -121.741500 1.1 WP84
37.742800 -122.468700 1.1 WP840
37.696300 -121.867000 1.1 WP841
38.306700 -122.271800 1.1 WP842
38.105400 -122.577600 1.1 WP843
36.999900 -121.575100 1.1 WP844
37.393400 -122.119900 1.1 WP845
38.671800 -121.102900 1.1 WP846
37.521300 -122.289300 1.1 WP847
37.488200 -121.906000 1.1 WP848
37.961000 -121.299700 1.1 WP849
37.348200 -120.732900 1.1 WP85
37.305100 -120.497400 1.1 WP850
37.000900 -121.870600 1.1 WP851
37.252000 -121.884500 1.1 WP852
37.357400 -121.888800 1.1 WP853
37.554600 -121.989600 1.1 WP854
37.778000 -122.401200 1.1 WP855
38.526600 -121.570900 1.1 WP856
38.619800 -122.851900 1.1 WP857
37.307200 -121.931700 1.1 WP858
37.655900 -121.919700 1.1 WP859
38.175400 -121.705600 1.1 WP86
37.330900 -121.878200 1.1 WP860
37.636300 -122.435900 1.1 WP861
37.766000 -122.440700 1.1 WP862
38.605500 -121.280700 1.1 WP863
37.521400 -122.345800 1.1 WP864
36.924200 -121.753100 1.1 WP865
37.277600 -121.983800 1.1 WP866
37.619800 -122.413200 1.1 WP867
38.432400 -122.592000 1.1 WP868
37.719900 -122.149800 1.1 WP869
38.651100 -121.099900 1.1 WP87
38.545400 -121.703400 1.1 WP870
37.712200 -122.031700 1.1 WP871
37.730900 -121.937800 1.1 WP872
38.698300 -121.290000 1.1 WP873
37.578400 -122.039000 1.1 WP874
37.460300 -122.233800 1.1 WP875
37.746800 -122.244900 1.1 WP876
37.691200 -122.144000 1.1 WP878
37.394500 -121.949000 1.1 WP879
37.505100 -121.173800 1.1 WP88
37.258100 -121.912800 1.1 WP880
38.551100 -121.400700 1.1 WP881
37.888100 -122.055600 1.1 WP882
37.288600 -122.018700 1.1 WP883
38.185900 -122.245900 1.1 WP884
37.453100 -122.146300 1.1 WP885
37.762900 -122.472700 1.1 WP886
38.122400 -121.280300 1.1 WP887
37.872000 -122.251400 1.1 WP888
37.298200 -121.921000 1.1 WP889
37.288800 -122.310200 1.1 WP89
38.553200 -121.464000 1.1 WP890
37.984900 -122.326700 1.1 WP891
38.386700 -121.436800 1.1 WP892
37.749800 -122.426900 1.1 WP894
37.504200 -120.864400 1.1 WP895
38.531700 -121.463200 1.1 WP896
37.411600 -122.094200 1.1 WP897
37.684600 -122.479000 1.1 WP898
38.382000 -121.977900 1.1 WP899
37.983900 -121.356400 1.1 WP9
37.633800 -122.454100 1.1 WP90
38.573400 -121.474100 1.1 WP900
37.907500 -122.279700 1.1 WP901
38.324500 -122.694800 1.1 WP902
37.709200 -122.084200 1.1 WP903
37.686400 -121.004300 1.1 WP904
37.691200 -122.488900 1.1 WP905
38.603700 -121.414900 1.1 WP906
38.550900 -121.742100 1.1 WP907
37.672700 -122.030300 1.1 WP908
37.998900 -121.174400 1.1 WP909
37.698300 -121.707500 1.1 WP91
37.863400 -122.254400 1.1 WP910
37.613400 -122.483100 1.1 WP911
37.745200 -121.948700 1.1 WP912
37.443600 -122.187700 1.1 WP913
37.532900 -120.856800 1.1 WP914
38.101100 -122.198200 1.1 WP915
37.800600 -122.431300 1.1 WP916
37.410100 -121.906400 1.1 WP917
37.379800 -122.056600 1.1 WP918
37.723500 -122.479700 1.1 WP919
38.377200 -122.975400 1.1 WP92
37.758900 -121.216700 1.1 WP920
37.900800 -121.603000 1.1 WP921
38.508100 -121.448600 1.1 WP922
37.985100 -121.696200 1.1 WP923
37.337200 -121.960000 1.1 WP924
37.759000 -122.399300 1.1 WP925
37.800800 -122.407700 1.1 WP926
38.250400 -122.001500 1.1 WP927
38.138700 -121.275300 1.1 WP928
38.651700 -121.260600 1.1 WP929
38.580600 -121.291600 1.1 WP93
37.924700 -122.523700 1.1 WP930
37.590400 -122.027300 1.1 WP931
38.566700 -121.321300 1.1 WP932
37.892900 -122.301400 1.1 WP933
37.068500 -120.829700 1.1 WP934
37.989800 -121.277200 1.1 WP935
37.640300 -120.994500 1.1 WP936
37.550400 -122.006300 1.1 WP937
37.324600 -121.854100 1.1 WP938
37.795100 -122.406500 1.1 WP939
37.814500 -121.301600 1.1 WP94
37.376500 -122.040900 1.1 WP940
37.969100 -121.752400 1.1 WP941
37.564300 -122.022300 1.1 WP942
38.603600 -121.344200 1.1 WP943
37.427400 -122.129700 1.1 WP944
37.856200 -122.067300 1.1 WP945
37.333700 -122.049300 1.1 WP946
36.694000 -121.658200 1.1 WP947
37.929700 -121.930400 1.1 WP948
37.811500 -122.232400 1.1 WP949
38.503400 -121.538100 1.1 WP95
38.678600 -121.268300 1.1 WP950
38.694500 -121.576500 1.1 WP951
37.258600 -121.942800 1.1 WP952
37.652500 -122.099400 1.1 WP953
37.996400 -122.090200 1.1 WP954
37.805400 -122.247200 1.1 WP955
37.468400 -121.912100 1.1 WP956
37.289700 -121.891800 1.1 WP957
38.669400 -121.207200 1.1 WP958
36.659100 -121.646600 1.1 WP959
38.120800 -122.593300 1.1 WP96
37.634300 -122.488300 1.1 WP960
38.539900 -121.722100 1.1 WP961
37.128800 -121.658800 1.1 WP962
37.401900 -121.877900 1.1 WP963
38.434300 -122.668500 1.1 WP964
37.762300 -122.233200 1.1 WP965
37.587000 -122.054600 1.1 WP966
37.743700 -122.417200 1.1 WP967
38.559500 -121.487000 1.1 WP968
38.421700 -122.881400 1.1 WP969
38.258000 -122.437800 1.1 WP97
37.742500 -122.485500 1.1 WP970
37.744100 -121.429600 1.1 WP971
38.254500 -122.034400 1.1 WP972
37.787500 -122.414300 1.1 WP973
38.073200 -122.212400 1.1 WP974
37.977600 -122.513000 1.1 WP975
37.905500 -122.538400 1.1 WP976
38.316600 -122.290100 1.1 WP977
37.712600 -122.443000 1.1 WP978
37.919300 -122.002100 1.1 WP979
37.802700 -120.996100 1.1 WP98
37.302100 -121.882200 1.1 WP980
37.944400 -121.731100 1.1 WP981
37.550600 -121.948100 1.1 WP982
36.960700 -121.877900 1.1 WP983
38.105500 -122.610500 1.1 WP984
38.647100 -121.324200 1.1 WP985
37.565000 -122.368500 1.1 WP986
37.807300 -121.240000 1.1 WP987
37.594500 -122.078600 1.1 WP988
38.123400 -122.239300 1.1 WP989
37.816400 -122.265400 1.1 WP99
37.652000 -121.037500 1.1 WP990
37.378900 -122.131500 1.1 WP991
37.063900 -120.922500 1.1 WP992
38.128500 -121.297200 1.1 WP993
38.500400 -122.460900 1.1 WP994
37.660400 -122.442100 1.1 WP995
37.597500 -120.939800 1.1 WP996
36.589100 -121.909100 1.1 WP997
37.269400 -121.835200 1.1 WP998
38.331500 -122.300400 1.1 WP999